#format: frame checksums
#version: 2
#hash: MD5
#software: Lavf63.1.102
#tb 0: 1001/30000
#media_type 0: video
#codec_id 0: rawvideo
#dimensions 0: 256x128
#sar 0: 0/1
#stream#, dts,        pts, duration,     size, hash
0,          0,          0,        1,    49152, f4b2fba62e30cbcfa2537ae6654a649c
0,          1,          1,        1,    49152, d2930a7eab669cb998aafdeb2c61c001
0,          2,          2,        1,    49152, b0d9b533520023114d6456056003d0ac
0,          3,          3,        1,    49152, 7ed3155d664751261ba3c1afd7fbd062
0,          4,          4,        1,    49152, d4fe4c5a61b2820de437be5838153c07
0,          5,          5,        1,    49152, 4c9469f5b6cd7516d24d454373e5eff1
0,          6,          6,        1,    49152, ce6d3e222ea9139f024acc48fd9600a4
0,          7,          7,        1,    49152, cde9cef08a49df950a4f4cfa4d35d68e
0,          8,          8,        1,    49152, eba3de5870d8dd57f63836430accd8b7
0,          9,          9,        1,    49152, cdf1515d0b74f838cf32577267faedab
0,         10,         10,        1,    49152, 0fa59c5927a6244f29eb3e93b13c322b
0,         11,         11,        1,    49152, da3ac76b6aba7cd7c5d4196446247b8d
0,         12,         12,        1,    49152, 9a266bfacb8d35052c934cdc8fdfd83b
0,         13,         13,        1,    49152, 2ae85bed446ccaa2a5a0cb983559167a
0,         14,         14,        1,    49152, 03b055a8c03efbb06dbedac27518a4e9
0,         15,         15,        1,    49152, 9bb60723f4f3a60d9956e4b581852511
0,         16,         16,        1,    49152, 42490d72d5f05d0c39adeb25c5f786bf
0,         17,         17,        1,    49152, 220bb0c2a56d2ce3581583e795b02faf
0,         18,         18,        1,    49152, 6f7e93b8ca43330425a0013a31af8660
0,         19,         19,        1,    49152, 94701eaf03044fd1e0a09678ef66d4ee
0,         20,         20,        1,    49152, 2869c68ae77b34fde35c4af8f4265503
0,         21,         21,        1,    49152, 15b714e1ae510d4d819d19e3aeab6023
0,         22,         22,        1,    49152, a7bf775b6d261186220629b8b7f14f2d
0,         23,         23,        1,    49152, d43a6ed6ea7a4011f141798b8c40f940
0,         24,         24,        1,    49152, 3c7b28d5b7d44c2c1976b8aa7a2721b4
0,         25,         25,        1,    49152, 7126ea093a6fbf05c7ea75b04cc2027f
0,         26,         26,        1,    49152, 741c9242a23970bb45c6f0fc1f14b1bf
0,         27,         27,        1,    49152, 46ccc1aa20d6795949314a8639d4d2a9
0,         28,         28,        1,    49152, e6f238ec0f84963f4f93dcb4591dd97d
0,         29,         29,        1,    49152, 4402e115386be9ae4149b5d5a769bb77
0,         30,         30,        1,    49152, 503ad138ee7009fa1083f9e00d55d9e9
0,         31,         31,        1,    49152, e77d518f77a1250cb57e2c99177a6ad1
0,         32,         32,        1,    49152, 00a31d247c5919afd1fad11b7c04cb06
0,         33,         33,        1,    49152, f0655c2c6db76dca123a380cbe21000f
0,         34,         34,        1,    49152, 5b14f35f2a31357d54b5d1db33bd8410
0,         35,         35,        1,    49152, 243f7a0712c7f054d29372a6028b63d0
0,         36,         36,        1,    49152, 9a66e82f06504915af7e61a40080155a
0,         37,         37,        1,    49152, 34cd52a1346efbaf2870eec7c748a5d2
0,         38,         38,        1,    49152, 12a23e79ef50ead963e02d53f3549c45
0,         39,         39,        1,    49152, 7cd18daac5c11d179089f2a04202b86d
0,         40,         40,        1,    49152, a75e09d7a1da48baba892b4d902a033f
0,         41,         41,        1,    49152, a5fc016dcdfe9ec5e0ba7e9d93d33a31
0,         42,         42,        1,    49152, b7a5ab2334067fb8b4259f408734908a
0,         43,         43,        1,    49152, 6d3f6f300baca3cf316b205fc27d782f
0,         44,         44,        1,    49152, e37f277f73ed5048b26cb356108511df
0,         45,         45,        1,    49152, 61917e689581e6de6c3ef606bfcea458
0,         46,         46,        1,    49152, e851f5284b0c70b2de4777e16369e751
0,         47,         47,        1,    49152, 1a3f49cdc67e67305cd3aec52b1bda3d
0,         48,         48,        1,    49152, e5e711c553a6e1cc6d706035e3b58f3a
0,         49,         49,        1,    49152, 75e0baa8887e3c8159711d3a19413bc1
0,         50,         50,        1,    49152, 1a2234ef2392d9e66e209adf38fe66f3
0,         51,         51,        1,    49152, 693c18bab10e707fc4c2a43878a9cb9f
0,         52,         52,        1,    49152, 7798a5384795cb5cc3efdc00d29fc80b
0,         53,         53,        1,    49152, 46a8d9d01174a90e1a44bd4899a0f4ac
0,         54,         54,        1,    49152, fd0e8870d17f95c41eecc9d6d10a6c08
0,         55,         55,        1,    49152, 87fc4496013eca086e3abe9712e14a13
0,         56,         56,        1,    49152, 5dcb74283540d53cf14d60b5d89eb49e
0,         57,         57,        1,    49152, 0b22d9de952cb11ac1d6a0f7690db53f
0,         58,         58,        1,    49152, 53b1bd9cafadf558dfa35f30bf07bc4a
0,         59,         59,        1,    49152, 2825c135be993a2fcaf49c3aad7ea701
0,         60,         60,        1,    49152, 545338334e797baba082e6e4f1ceb8d9
0,         61,         61,        1,    49152, 429f12d9bba87a3e4b35514c2516f1bd
0,         62,         62,        1,    49152, 784eee2c227131ea1c96ec3cfbedbf03
0,         63,         63,        1,    49152, e99c3ab2885cfbae3c6a69eb3690b70a
0,         64,         64,        1,    49152, 129c13417397eb43fe65e7fb0b8b03b8
0,         65,         65,        1,    49152, f4ac89117ea5ffc2739243e57c726182
0,         66,         66,        1,    49152, 5d15197e19e711569de6fc69031511ec
0,         67,         67,        1,    49152, ab0216ebca09e33e588eaba3c4635d09
0,         68,         68,        1,    49152, 8cf052164fcacf2ce2b3523393d05b46
0,         69,         69,        1,    49152, f6fd7175bbcf948bcb8fbc3d4da43cfd
0,         70,         70,        1,    49152, 142ca5186c101173e66b089ea5176bb8
0,         71,         71,        1,    49152, 3dd3b8c179426745846de9eb49f1a0f6
0,         72,         72,        1,    49152, 435d10181a071e0018f8340578f40112
0,         73,         73,        1,    49152, ef5a12a2da5a1a9547576709db811ceb
0,         74,         74,        1,    49152, 4360179420994ce5b183906f314a52eb
0,         75,         75,        1,    49152, 6883dd6302623f59b9c70fac997f3319
0,         76,         76,        1,    49152, 828c6c0c2b892c4f1960bb6443cb68ec
0,         77,         77,        1,    49152, cbc47170f766a9940a9b2d354950acc9
0,         78,         78,        1,    49152, 27261b110112ddaa8b903cadac0a6025
0,         79,         79,        1,    49152, ddff013cbea9fda70c50257e79e9b7dd
0,         80,         80,        1,    49152, 302d2a125ea204e8460098703886c6d6
0,         81,         81,        1,    49152, 829f46f7eab116c274bf8868aee088a6
0,         82,         82,        1,    49152, a54393b8870b67281ec743627394b805
0,         83,         83,        1,    49152, 8e1b326895b2bb11ea12856e9fae1b34
0,         84,         84,        1,    49152, e9dc0137084f2bcfc7eb8043af7c4f59
0,         85,         85,        1,    49152, 5e737896a344e332f2c31bbef0639cd6
0,         86,         86,        1,    49152, 14e0f807b4e1640d3ed30598244f59e0
0,         87,         87,        1,    49152, 49b038f2c9983942c8592b6a3a879826
0,         88,         88,        1,    49152, 3472a41bee567395ddf55106b89b0e5e
0,         89,         89,        1,    49152, 17e2328775a2faf40a52a6e53a9b6f58
0,         90,         90,        1,    49152, 5693219803de92a2881c82b1ac02416e
0,         91,         91,        1,    49152, 485e2e0e80f062f373b35219bd2ea6ad
0,         92,         92,        1,    49152, 18c851427d3ac882980e6f354329febb
0,         93,         93,        1,    49152, e31f4a8038ab4a18ce34f9be62e28872
0,         94,         94,        1,    49152, e93bb0de933b69917bb3bf49137ba1d9
0,         95,         95,        1,    49152, 8a9ad942ee3f78520d9604e52f950cf9
0,         96,         96,        1,    49152, cec479d06fbdaf2aec755609c9bdbf00
0,         97,         97,        1,    49152, fe165393e2fa4abc91d95ef0e7abc646
0,         98,         98,        1,    49152, 69ab68592ed8da8d7d7830345af2c828
0,         99,         99,        1,    49152, 45e7bbd58f9c6cb4d89515d48cf3da8c
0,        100,        100,        1,    49152, fb8a693763fa93fac98ed799d1cf52c7
0,        101,        101,        1,    49152, 27d772f1181ee92320d0aea73915105c
0,        102,        102,        1,    49152, 793680bfbf2a4c29f505ec77a93d25d2
0,        103,        103,        1,    49152, 8c35400b504fb67e70b9b3deb506542f
0,        104,        104,        1,    49152, 25af9ca0756ad8179368107ebb8891cb
0,        105,        105,        1,    49152, 69c593d70fd8c445dc6863d6deb129c5
0,        106,        106,        1,    49152, 40f37bdd299ef3fb2804ab0cf8b1d40d
0,        107,        107,        1,    49152, eac9a613ed3a7dda2395992274887604
0,        108,        108,        1,    49152, fcdbb02824a33d045946a5965acd8200
0,        109,        109,        1,    49152, 792d70e9df3f6dab3983854fd04534c4
0,        110,        110,        1,    49152, c1cc0bd674b8d3c80d5079e123c0b5c2
0,        111,        111,        1,    49152, 3e5c7ff2125b88d953a82491d37dab91
0,        112,        112,        1,    49152, c98896d381059773bf5263dec1b8e5a6
0,        113,        113,        1,    49152, 0ebbff1c82737700a7f97f59b37a334d
0,        114,        114,        1,    49152, 58196dcf554b684047b3c9254c489230
0,        115,        115,        1,    49152, fbb38e93d34786e5cb1dd0ae17b214fa
0,        116,        116,        1,    49152, 4d1258b6ae2d6fc4982135b16dcb84f2
0,        117,        117,        1,    49152, 046515ffe58110aca54531f709e90836
0,        118,        118,        1,    49152, dbe6c1bef422e807012a9bead62e2259
0,        119,        119,        1,    49152, 33be198e328e36b01bdbc3232dd149f8
0,        120,        120,        1,    49152, c63ccb1b5afdf966539cfc2f119b6cc5
0,        121,        121,        1,    49152, 9728b007215a42cfc25d96d3c3da7041
0,        122,        122,        1,    49152, b455403c78cd8256a8637333769a0646
0,        123,        123,        1,    49152, 6cb01e535adc239dedc3e0714f798981
0,        124,        124,        1,    49152, 431f3e9656b45d4e6b0803e8ff342c9f
0,        125,        125,        1,    49152, ab18a70ccb0ed1faf9d6e9068189f70c
0,        126,        126,        1,    49152, f1d8045492bf4a7323e9c06a353bda7a
0,        127,        127,        1,    49152, 957d19a812fe66be44241cfd6926daaf
0,        128,        128,        1,    49152, 52a94f63183626bf164d341b8d396fb2
0,        129,        129,        1,    49152, 26440153ea4f1dd268e34fa1573ab351
0,        130,        130,        1,    49152, 0a0547d64b9d4c7c3d2293d0a71469e9
0,        131,        131,        1,    49152, 09f95671b21fe92e6ed51082b777cd9a
0,        132,        132,        1,    49152, e5cac26d66818dc69b3b2aee18fe0d49
0,        133,        133,        1,    49152, eb612e2a57f4509cbc1b4990d441a35d
0,        134,        134,        1,    49152, c62e9b091007a0390426408d9dbdad46
0,        135,        135,        1,    49152, a13d39f58f90541a5389ee7add74c2cd
0,        136,        136,        1,    49152, 2eb067e52c242f1a2a458cf13a89561e
0,        137,        137,        1,    49152, 389c7287587155d864530698ba477a02
0,        138,        138,        1,    49152, 7a1d9fc615811c9c1cd248b09610eafd
0,        139,        139,        1,    49152, a67ea3059138f97e22d461ca7ac5885e
0,        140,        140,        1,    49152, 56b42843b13dfdae822fbcc80a72514a
0,        141,        141,        1,    49152, e391bd4cc3eea70e981d94e9d227754c
0,        142,        142,        1,    49152, 13af4d91aacd81e03a388b2df73a138a
0,        143,        143,        1,    49152, fb1559e8ab3fc6781d6cb7b710ed92ed
0,        144,        144,        1,    49152, 22073755221b8138305d7342d8942d6b
0,        145,        145,        1,    49152, cdf5be53940e3d326cf75dd10fe53161
0,        146,        146,        1,    49152, 54e224e188c0a2a855580550b06f7fa1
0,        147,        147,        1,    49152, ed53ecc5849586182c7f2a473134b6e1
0,        148,        148,        1,    49152, 35f658108e5cf748ebef03bb7d5dfaad
0,        149,        149,        1,    49152, 3b3fe6d999448f65e458a7cacbf43e2d
0,        150,        150,        1,    49152, 80a3a816916b655035d56791957ad0a0
0,        151,        151,        1,    49152, 394239c55a4bc833b8c2836ab43b1824
0,        152,        152,        1,    49152, afffe8f1168b609d945b8a28de8cf0da
0,        153,        153,        1,    49152, 28aa71942252b0efb9a0b91c92c815e5
0,        154,        154,        1,    49152, 1222bec2e9482d01c03a5ba18aaa0299
0,        155,        155,        1,    49152, e680217fe0618be895607ec530d1e26b
0,        156,        156,        1,    49152, e606230f2d4ae120dff4d52fc4c80b7d
0,        157,        157,        1,    49152, 235572b429831110132d418e227ffbd7
0,        158,        158,        1,    49152, 6a114d5c76319ecd871a7cc72b1f420e
0,        159,        159,        1,    49152, 27976d4bd9751822ab4224660d6ac4eb
0,        160,        160,        1,    49152, 0c4b37890ecede52b42670a79420fa80
0,        161,        161,        1,    49152, ddceafb65aba299bdf67ea18141c1d60
0,        162,        162,        1,    49152, a6f0cb6aaf1d753d09448805cc232083
0,        163,        163,        1,    49152, 70603bedfadf3f71378c37c7367ff3b2
0,        164,        164,        1,    49152, 2b6ac523f68125b22b26459c56d22894
0,        165,        165,        1,    49152, b8108344c6c89b56e937d88e885abd3b
0,        166,        166,        1,    49152, a081208048af20930f73f17c0bcad9da
0,        167,        167,        1,    49152, cabe7e4be7d5d502e0285fb4abb27fca
0,        168,        168,        1,    49152, c328b82dd07a89119b24f842654a1321
0,        169,        169,        1,    49152, 3e8ef76b0378273c6ec232d9140e428c
0,        170,        170,        1,    49152, ae8f7eb6b259913fe12d7e0a6c5c97e6
0,        171,        171,        1,    49152, 45e06a701f1412b2f81eb4199e854d6f
0,        172,        172,        1,    49152, f8ef3715bf13efce78220ec65f39516c
0,        173,        173,        1,    49152, 3957a0d90c36ea61f306bc9864e8935a
0,        174,        174,        1,    49152, d645364ae762c3fdb7b53f81784dcafc
0,        175,        175,        1,    49152, e6bd93480d3cfe4743e9a1932132efd8
0,        176,        176,        1,    49152, b9dcc646803c399874b29ed55b18cac2
0,        177,        177,        1,    49152, 965222d475f2a4a8a99633e600c8e0d4
0,        178,        178,        1,    49152, eaea0ecf3c7b1a702b287df1631fdd06
0,        179,        179,        1,    49152, 17d2f66a011588484a5d6315dbec657c
0,        180,        180,        1,    49152, d791563a902dc4c2ca4fc6d1795d2521
0,        181,        181,        1,    49152, df23a947a28da7bcaed4fb54106dd8b5
0,        182,        182,        1,    49152, e80cd096c64bb152ff60bc69d82d9c63
0,        183,        183,        1,    49152, 35bf2a8f3f1a53827909e03b497ed189
0,        184,        184,        1,    49152, 8e2ee4773799d881a3292506367f35f3
0,        185,        185,        1,    49152, 861492611057363b7149da66ad296700
0,        186,        186,        1,    49152, 75bfb441dd7b6cd2c7d528dbea4f5d69
0,        187,        187,        1,    49152, 19072a6151709f4f5a0e2be7af5ec7ea
0,        188,        188,        1,    49152, edec0af32c87b911c8393634cc1ea0cd
0,        189,        189,        1,    49152, 9bb220893f5a2a7d0fd9c67b85be494a
0,        190,        190,        1,    49152, a8462df00688e9c781fcafdf21890a21
0,        191,        191,        1,    49152, 051d4a6c862c12d7e8b7f64cffbfef32
0,        192,        192,        1,    49152, dbe42171a165adf9fce3b2c86f337e3d
0,        193,        193,        1,    49152, 6979d269445160026323dc34beb85af7
0,        194,        194,        1,    49152, eb9ae75fea26383644c212c2fd80dc55
0,        195,        195,        1,    49152, cea561f0901dd3ee492609e07116cd96
0,        196,        196,        1,    49152, d490da401cddc61ac36477b0b77dd1f2
0,        197,        197,        1,    49152, 049384860fed997a77734f692a076175
0,        198,        198,        1,    49152, 6176eca7f3eb7a4da1fb245ffc7e7888
0,        199,        199,        1,    49152, d993528cf4f3e867578a17e71b40f55e
0,        200,        200,        1,    49152, 0d7b1ebc28d73586a6849bec4fb75a04
0,        201,        201,        1,    49152, 3008eb4307101a3835244071e143891f
0,        202,        202,        1,    49152, 819b735ebe0ca679dce9bb3decceb3fd
0,        203,        203,        1,    49152, 95bb71a23ec2cf42ba7b76f11181536e
0,        204,        204,        1,    49152, 92fd0a3c7d9dfbdf10aa474df7490efc
0,        205,        205,        1,    49152, 3118d7664ba595a82e1910d1a2109268
0,        206,        206,        1,    49152, e33563d5075dbb6a27e9e2b5cc528dc2
0,        207,        207,        1,    49152, 1ef3c93bc129029d2e0ebb6001c3f3f4
0,        208,        208,        1,    49152, 4f2820f62db5abd44b6e0b0e91377913
0,        209,        209,        1,    49152, 246728b6c90f0bbd240e80a31929cbd4
0,        210,        210,        1,    49152, 54c61f480c7333a53e5c5869e9875d8f
0,        211,        211,        1,    49152, baef93506bb38ca3d37db74f14ff566a
0,        212,        212,        1,    49152, 6d39cd14b7ed6e293ca060bc03840f80
0,        213,        213,        1,    49152, ee4ac5cdbea70c81b044c22c59840ac8
0,        214,        214,        1,    49152, 8b0b8d7779681aec7018c8c2f890e8cb
0,        215,        215,        1,    49152, f0a6a289f59df03835904b54a89ea5ee
0,        216,        216,        1,    49152, e95202b82e7705b63962484c41d3d4a1
0,        217,        217,        1,    49152, 9a98088017359610186472a132191723
0,        218,        218,        1,    49152, dba2bea2e3972f56d07c2915d26645be
0,        219,        219,        1,    49152, 7d17b85c98d40e706ea18efa1eac8480
0,        220,        220,        1,    49152, f5ab254856cc3c885d8386725b0ed7f3
0,        221,        221,        1,    49152, d4558f6a69e8be48754b6b1cc614c501
0,        222,        222,        1,    49152, a5ba5779fb5704935d475a85f1c100a5
0,        223,        223,        1,    49152, 82c5e6c63d64df8812a67872c42e078e
0,        224,        224,        1,    49152, ac1154a25e0393512519838be44d49e4
0,        225,        225,        1,    49152, 8687d2e353879b3b1c58c48ed5d718aa
0,        226,        226,        1,    49152, d7fa383d5e2f3213ed75261334ecfee5
0,        227,        227,        1,    49152, 035bfaa15fa8e7d10f72812b308c7bd5
0,        228,        228,        1,    49152, 576affe1a01a32cbf66b5f0ef9491200
0,        229,        229,        1,    49152, 467806659b2926f3e8b97b42c618f2e7
0,        230,        230,        1,    49152, 308550f50e3d59d1d7c7c845baf0a6b5
0,        231,        231,        1,    49152, 9d4c1f4810440b5d2664441c5461b354
0,        232,        232,        1,    49152, c2acc038207b8305ae2da30eceb5edc1
0,        233,        233,        1,    49152, 807b07bbcf591a9db48a8123d308a93a
0,        234,        234,        1,    49152, 0055dde40be938308a52c263634e0a15
0,        235,        235,        1,    49152, 644199486e23b80fa4245890ce149b45
0,        236,        236,        1,    49152, fe4d49dec4f878de36893b6446f761f7
0,        237,        237,        1,    49152, fc18f546f39b1e3181a7386c2554fe2e
0,        238,        238,        1,    49152, 70a703908fc002f21dd6eb90fffe1389
0,        239,        239,        1,    49152, d3375f923711d17035948cc3a707aaec
0,        240,        240,        1,    49152, 0a0de33d18ddb5513183d7a9b6d5c18a
0,        241,        241,        1,    49152, 7a90d94d002b3b00b729d225d659862f
0,        242,        242,        1,    49152, 50be5791a0221dda9ff088c5093aac13
0,        243,        243,        1,    49152, 14524b0a406f4f7a694bea94df0238ae
0,        244,        244,        1,    49152, c9ce5871986e013dc690d1734b66c508
0,        245,        245,        1,    49152, 5cae6807f330db9336e4421506797a08
0,        246,        246,        1,    49152, a841c2fb1b6d51ea9e85731cdf6ad7c6
0,        247,        247,        1,    49152, dd3a1418c6813793735d279da3220f66
0,        248,        248,        1,    49152, 12fa5233d6799a42600e17d491eec612
0,        249,        249,        1,    49152, 7702d73efdbdc4c478456aac8df9c1f3
0,        250,        250,        1,    49152, fa1ee9aabb90eed3f4a6626c540a1864
0,        251,        251,        1,    49152, e1d825a32f57e539d6fd2bc522a45ab0
0,        252,        252,        1,    49152, 90560837956972bbfceaf3a05d47bc66
0,        253,        253,        1,    49152, fc223ed7fbddaab973f26abe5f9c9bd6
0,        254,        254,        1,    49152, e4625c44c402a81d5e8967391138b25d
0,        255,        255,        1,    49152, c6c55c4cd538299f56ece7de3703f234
0,        256,        256,        1,    49152, 4900d8c21e4f118368c16eae77362409
0,        257,        257,        1,    49152, cb7ef9e414d3bbf5b305fe92a7993ed5
0,        258,        258,        1,    49152, 20cc88c4837f2b60712936f4ebee4e1f
0,        259,        259,        1,    49152, 8902ebc2d5cf67fb3672728a421657c1
0,        260,        260,        1,    49152, 27f18c0ac893fbc161aa50a17be8a507
0,        261,        261,        1,    49152, bc75732e8aeed1f56998ecea5f23fd00
0,        262,        262,        1,    49152, 9fc1f1f49524610e8344ed115b848536
0,        263,        263,        1,    49152, 419c0ffe135cc47674e4225f527e7054
0,        264,        264,        1,    49152, d54a3252e122a3df1b272ff7198d628a
0,        265,        265,        1,    49152, 788d61c36d66ac07f8ec9cc456f56558
0,        266,        266,        1,    49152, d178e42f80bd1b206395d122821a3b50
0,        267,        267,        1,    49152, d05e771f472a57bc15be85a448f27747
0,        268,        268,        1,    49152, 46668d3ba5732ee41674d74ecd02368a
0,        269,        269,        1,    49152, d098445ca61a00f0ffa94e5a2dd97265
0,        270,        270,        1,    49152, ffa9c4776cb7ef90d4c5c85a5a536ec2
0,        271,        271,        1,    49152, 868378f887728c47731797ed99c664ec
0,        272,        272,        1,    49152, 2722ce2187fd7b0a9b9dfbc290684103
0,        273,        273,        1,    49152, 0205c4ab93f0d2c595005c84f3c61c00
0,        274,        274,        1,    49152, 1d5c047047b496ef32c10cfc4ab8750d
0,        275,        275,        1,    49152, 99b98e9d2b6a2062c652b1ebc70f4ab5
0,        276,        276,        1,    49152, 50182b0379c8c436321b4a4587e8a2ad
0,        277,        277,        1,    49152, 22e6a2e578e1a8424e0cc8fdd8f3d24f
0,        278,        278,        1,    49152, b2feba81e779b40758c3753dea344596
0,        279,        279,        1,    49152, 18f6886ed10271fefe52e443e514102e
0,        280,        280,        1,    49152, 5e900cd45accb163cbf605f43c6f54a6
0,        281,        281,        1,    49152, 7de44018d4b78c4b5a59572a3d4fc180
0,        282,        282,        1,    49152, be6d654790cc078469d376697d6e0bf2
0,        283,        283,        1,    49152, 87ec08f6910c895f4f56cf3d0af5bbae
0,        284,        284,        1,    49152, d7f8e9698d93cf612f0b274e780509a2
0,        285,        285,        1,    49152, 2559434c5f30a073cf4e9d8910eaf5a2
0,        286,        286,        1,    49152, e67d5a0f6a350bb92e5922810a5bd33c
0,        287,        287,        1,    49152, 52dc111c6ffc1454aa9586378eb00c83
0,        288,        288,        1,    49152, 907988f48c2bcf57290dea084fcb0118
0,        289,        289,        1,    49152, cb6ee2f97b303336b0168d0c12269a1e
0,        290,        290,        1,    49152, 2e45a4f0a558527b1b2cbef80b359fc1
0,        291,        291,        1,    49152, c9f1ef161a943e250dd39c3a69513411
0,        292,        292,        1,    49152, 964d85fd6cdf10ec303c37fa1a757ed5
0,        293,        293,        1,    49152, 3db252d3223b1baaf1d1eb3a1129c73d
0,        294,        294,        1,    49152, ac14a1475faa55dc147c4ec3e62b6d58
0,        295,        295,        1,    49152, e10137aef90ffb753ba6f3c2abb020ae
0,        296,        296,        1,    49152, 25b932009c805f2b9d6fb78402e59588
0,        297,        297,        1,    49152, 736218bb54ae68dbddde18bebd687346
0,        298,        298,        1,    49152, ee0939f1fb0ca14bfbb8dfc710c30907
0,        299,        299,        1,    49152, 0071a7812546d4c472b1a23b02cfec76
