#format: frame checksums
#version: 2
#hash: MD5
#software: Lavf63.1.102
#tb 0: 1001/30000
#media_type 0: video
#codec_id 0: rawvideo
#dimensions 0: 256x128
#sar 0: 0/1
#stream#, dts,        pts, duration,     size, hash
0,          0,          0,        1,    49152, f49da31327d9cfc0db6268e6e9b6efc8
0,          1,          1,        1,    49152, ecb752ba2fc968d28df56f07be6b5a3f
0,          2,          2,        1,    49152, 213d53d16c9bd7ccb03663c19642560d
0,          3,          3,        1,    49152, 8fe124adc3b94118567c78525b589761
0,          4,          4,        1,    49152, dff962c4b46c9a6788f2f98245b5d746
0,          5,          5,        1,    49152, 3560893106eed96f13b782622cedd1cf
0,          6,          6,        1,    49152, 99c04efd080337587444aeb98761adee
0,          7,          7,        1,    49152, 165c9784b9f6b53a2f95093cb5f4719a
0,          8,          8,        1,    49152, 2c625f3aed39db25cb7af89071451b51
0,          9,          9,        1,    49152, ed95a12c6bd18b7ba50cddbc9d78f0a5
0,         10,         10,        1,    49152, 56cd7a48340a34f3d67e0c764056ba5f
0,         11,         11,        1,    49152, 9c693a76af9adc39465393dd37e75a30
0,         12,         12,        1,    49152, bca8bdd313535cea72e65d1bf43fdd59
0,         13,         13,        1,    49152, 725d5b59b49edb37c2a76f1779bf34d6
0,         14,         14,        1,    49152, bf1198d11525479b49958b86ec5c5d04
0,         15,         15,        1,    49152, b3fd2a0276dda30e2424784fe7ba5497
0,         16,         16,        1,    49152, 72a6545df7ce0bff66bd44feffbc1ad0
0,         17,         17,        1,    49152, 47d018974bb274fa6a2d0995d8afe950
0,         18,         18,        1,    49152, 8066305234afd0e19407c46b22cda617
0,         19,         19,        1,    49152, 7f34b3e696143d03cd4dc940cea9d093
0,         20,         20,        1,    49152, dcc2e815e85656f93997472c221676ac
0,         21,         21,        1,    49152, ddc10eaf88fef0b357d8f5999ba6ed44
0,         22,         22,        1,    49152, 6c107451c66496232201df4c316f29c9
0,         23,         23,        1,    49152, b23888672f54abb922f7d28aa20abbd0
0,         24,         24,        1,    49152, 467432c006861029b5dd2030fc54e019
0,         25,         25,        1,    49152, b96c109050a947f8b450c8760783d935
0,         26,         26,        1,    49152, e0b590c641b488c61cea672ffd27e20e
0,         27,         27,        1,    49152, b70e2822208547a8f5ce0038968610e2
0,         28,         28,        1,    49152, d512b0d781e243d4a59e7ad566eb1cbc
0,         29,         29,        1,    49152, 175f38fcd6ab6d028c6be2ec3fb446c1
0,         30,         30,        1,    49152, 1141eb41136eb72b5ae4b6967060b945
0,         31,         31,        1,    49152, ed9c93fe9febb95d10d833994bd8b20a
0,         32,         32,        1,    49152, 10a85232822f6d65b76d0b7a51caa957
0,         33,         33,        1,    49152, 3a58037afe3b42d89a919317c7022ca5
0,         34,         34,        1,    49152, 37b759af25c88885d677b0e4cb28ddcb
0,         35,         35,        1,    49152, c83e68492ed3e6732e3d0ba6eead077e
0,         36,         36,        1,    49152, 3c9b7c0abe57f8a3608819e1c0982ba2
0,         37,         37,        1,    49152, 42143e37061d35cad607f502c2543c79
0,         38,         38,        1,    49152, e8fa99e4b294a69d453dc7524cb7e598
0,         39,         39,        1,    49152, a17ff2940f5f88d9ec76a11a9238b4ac
0,         40,         40,        1,    49152, 2c78c3fb625b5b868e943c31d5677ccf
0,         41,         41,        1,    49152, 887634070621d2a94f430c68a04bd8f9
0,         42,         42,        1,    49152, 0fa562dfde7f0bf0d25e6a385b6eb82b
0,         43,         43,        1,    49152, 3de4130641b8a4112392a72d9f713c47
0,         44,         44,        1,    49152, 240dc509e11e0042732b38f276e1ce1b
0,         45,         45,        1,    49152, c3ff52c1a40847e77b35b6d47db3676e
0,         46,         46,        1,    49152, 850e9dc867c25dec63db91f7640cd2a9
0,         47,         47,        1,    49152, 994e881ac33efde9917b7af57d2bd54b
0,         48,         48,        1,    49152, 742180ce909dc0b78c6431f0647086e6
0,         49,         49,        1,    49152, 0ebf7332f3ce19b650a258ae37d28d39
0,         50,         50,        1,    49152, a5ffff2ba52a1fc1f28b17f417c1a1a7
0,         51,         51,        1,    49152, 231707274f31329aae0df3a4f0bdc729
0,         52,         52,        1,    49152, 699abbf7976d158cb6a3200990333ef1
0,         53,         53,        1,    49152, 14416d6d5436cf6876d8a69e0430f611
0,         54,         54,        1,    49152, 39e5d1d3f137dd501b18a6202b2cbcf2
0,         55,         55,        1,    49152, a91c37a6c9c1b20b8c26d28913e99b19
0,         56,         56,        1,    49152, f44416eac00f6d58e9e8d5cdedafcf54
0,         57,         57,        1,    49152, 0bd748fca53db144102cbcda850a4ac4
0,         58,         58,        1,    49152, c287cf4a6ff90cee7c7cd2cea436e3b6
0,         59,         59,        1,    49152, 4eddac141cf0e3f02c457769574802dc
0,         60,         60,        1,    49152, cc85e38a0ba66c116d62fc17cd86e863
0,         61,         61,        1,    49152, 82c03e3b8a7d02bdf4c8ed268a0ef2d8
0,         62,         62,        1,    49152, a547eb2a3796c1d79911e3f14e2f95ac
0,         63,         63,        1,    49152, 11b250ecf145938f101604ad27973d9a
0,         64,         64,        1,    49152, b412000e1173ae1f2b0e71a767e5993d
0,         65,         65,        1,    49152, 3b648e02c0f24b1687d8b157669ff85c
0,         66,         66,        1,    49152, 737a1a499b86246673038afb82471550
0,         67,         67,        1,    49152, 0e6c86d39092dbe60cbf6f1935333b91
0,         68,         68,        1,    49152, b813136b34fc25bdf7c7742dce18dcd1
0,         69,         69,        1,    49152, 187afc8a803f0f69ecf1230d1267d595
0,         70,         70,        1,    49152, 6c855766e79fc195e1e7b551b905affd
0,         71,         71,        1,    49152, 7edd9140e5ffa963c02ff56b3789c51e
0,         72,         72,        1,    49152, 509430b1fb736f000c1242e7ff5a46fd
0,         73,         73,        1,    49152, da6595f3d3876c986e6cb15bdf99a26c
0,         74,         74,        1,    49152, 1a481846ef379511af6fc0993c6b3b8f
0,         75,         75,        1,    49152, c1c1ea44e7e9d563a54bc7906b72ce7a
0,         76,         76,        1,    49152, 5701651ca2c7f1414156ae752040a75a
0,         77,         77,        1,    49152, 90458f55147f5af9b31c38cf31341218
0,         78,         78,        1,    49152, cbd52b3da7f7fafeb772fc28531b7cce
0,         79,         79,        1,    49152, 2093c06865b260814a046180f7e7e2e3
0,         80,         80,        1,    49152, d8e6f5967beb8167aa6cce544192eb03
0,         81,         81,        1,    49152, cb20a51b924a9bf74d9ae04b9e11f372
0,         82,         82,        1,    49152, ed39aeeed5ac115eafd00609da504863
0,         83,         83,        1,    49152, befb65d900ae1f88eef5408f9a218dad
0,         84,         84,        1,    49152, 0151e714ca6b2373669e929192202ffc
0,         85,         85,        1,    49152, 90b8136ebd636c1cb1b132504f9cd086
0,         86,         86,        1,    49152, 52bbe0808a828f226423fd69dfd8ca2c
0,         87,         87,        1,    49152, 92a8fb162b95b100325894468500c482
0,         88,         88,        1,    49152, 0e2817b85e980babca05c25012b53e14
0,         89,         89,        1,    49152, 0033afffe24c0f7167322bb318177c56
0,         90,         90,        1,    49152, 458aa3d5d7145445740a9016179dfde3
0,         91,         91,        1,    49152, a71cd9e1d70e0e29f29755b035b029f9
0,         92,         92,        1,    49152, 9c2eccd81bf81f0a4b3c4149ab1713f4
0,         93,         93,        1,    49152, 1a57ade3e9b57f0c9f2a8c98a7f29cbd
0,         94,         94,        1,    49152, 29ce5d6069d4636f88109e1822bf7433
0,         95,         95,        1,    49152, 1e8b8099754a72040fa3624bf83a327c
0,         96,         96,        1,    49152, 2798709d1ca90a366ac85362e9d4ae16
0,         97,         97,        1,    49152, f3221f7cdee3c731c73de7de04412e73
0,         98,         98,        1,    49152, 5df5635a10e76162e813e990ea2e4411
0,         99,         99,        1,    49152, 28dc7cab80c8d97ae2745be5bef31395
0,        100,        100,        1,    49152, 62cedbd104721bbf100b00961cb68fbd
0,        101,        101,        1,    49152, 1ec65a7286637f62f042951fe3544b80
0,        102,        102,        1,    49152, 3e291947d9945012abc569d0b5d51d82
0,        103,        103,        1,    49152, 2562cc0014727b9fe82b97c6e03afcd8
0,        104,        104,        1,    49152, a4c2b1e545fc370020b3a7876781f5c9
0,        105,        105,        1,    49152, 4ee264b3561e5053b1d5bbe8d88f75ae
0,        106,        106,        1,    49152, 294e385138f4d0b13a4cc3175661902a
0,        107,        107,        1,    49152, 5b639d2c889e4b01cb583bce2ab3a206
0,        108,        108,        1,    49152, e1caf3460049f34daba67f88caddce2d
0,        109,        109,        1,    49152, c9f86e54aabc829138c0f88858e57be0
0,        110,        110,        1,    49152, 5337e6f4dbcbd258ac598d69c4371a94
0,        111,        111,        1,    49152, f72fde50b156ea29380c7ee20e0ab4bc
0,        112,        112,        1,    49152, cfbafa466a5ab99cc8f328950aac523e
0,        113,        113,        1,    49152, 16337b084e2fb3be6fa27e3b5de5a84c
0,        114,        114,        1,    49152, e1fbc78818eb5f903f76c5382bc93cb8
0,        115,        115,        1,    49152, 882822d68558ac4fb3c072ae6bd12e62
0,        116,        116,        1,    49152, 876157988bad112c16b20d1a92cc1bb7
0,        117,        117,        1,    49152, b946a82e551e48e7a5d3fe127cac8343
0,        118,        118,        1,    49152, 7844aa04f8cbb007d4e2f4e4d2f50191
0,        119,        119,        1,    49152, 5a5a1bf9c8f67604c5fb51e518b40f25
0,        120,        120,        1,    49152, 6ab5b59414d3104f843119f9cd7566b4
0,        121,        121,        1,    49152, 201b9038e99eb56b40e0cc1e0734931d
0,        122,        122,        1,    49152, 1fa83dc3db02570f9f3a69398aea07d8
0,        123,        123,        1,    49152, a3ff2df8ec792539432a15c55a3bd799
0,        124,        124,        1,    49152, f53aa1e9c6943453a7a5c283fa436c70
0,        125,        125,        1,    49152, 05707f8d55c10d3c4fc59f22857326b7
0,        126,        126,        1,    49152, 7178b366679cdd65d2a26b0ef16a2dd2
0,        127,        127,        1,    49152, b93d04c3dcf1d856309fc32d521f1463
0,        128,        128,        1,    49152, aaafe73eaea49ccc8c8c6d3974ae53ee
0,        129,        129,        1,    49152, 501f67cd80dee5a69764837335d98a3e
0,        130,        130,        1,    49152, fb4bc0b1aeab76c1d195179b9b62df56
0,        131,        131,        1,    49152, 122fc1e76e189596a711cbf41a4351bb
0,        132,        132,        1,    49152, 5c56f9a99c034b11001050b15f1fb093
0,        133,        133,        1,    49152, d4010ceeaf85acaf6b07b5b1edc953f0
0,        134,        134,        1,    49152, 4dd2cb9a25d79fea04e98ecf9f57df66
0,        135,        135,        1,    49152, 9e9184c5d4c5f9ce6ead01d796d965cc
0,        136,        136,        1,    49152, cb60a4974028014eb7e1f06efe25f89d
0,        137,        137,        1,    49152, f5c6b45209c3ea3d2e2fc6ecaac5992a
0,        138,        138,        1,    49152, 10fd6b9278930cfcb9a66f7c06fe6fb5
0,        139,        139,        1,    49152, 35248b27d0a5a9fce8973ff793491400
0,        140,        140,        1,    49152, adbe9b8a19df0b378debbe2b77b4f175
0,        141,        141,        1,    49152, c134049b2ab0967ca64d364e30184efb
0,        142,        142,        1,    49152, 1796c987edcb04210427cb147280d9ad
0,        143,        143,        1,    49152, f81ebfd2976871a02e73793f5f039818
0,        144,        144,        1,    49152, 5e960904e92ee36de521faaa3fd155ae
0,        145,        145,        1,    49152, ed2210fcd220c9919b36001829b43ca0
0,        146,        146,        1,    49152, 8f87224be91638595698ce93e70ed43d
0,        147,        147,        1,    49152, a096ae6d263bfe4b444edb1e60187261
0,        148,        148,        1,    49152, 8588db2a2f7e5d2c73b51c6f5de9dd10
0,        149,        149,        1,    49152, 18d51d664ef212f8c410f54380b87900
0,        150,        150,        1,    49152, 431d5fb5dfc58ca7f11bfdf61930c8d2
0,        151,        151,        1,    49152, 4ac9afa0d5918cccb3906ec938c050d4
0,        152,        152,        1,    49152, 43ba13500c0910db157b338d66bcd5f3
0,        153,        153,        1,    49152, bab52252455af02d524f5ebbccf7fe50
0,        154,        154,        1,    49152, f128d9405b9e86fc8576bd9eba8641b5
0,        155,        155,        1,    49152, ac677e42da1e86708dcd8ee70ce725db
0,        156,        156,        1,    49152, 183739ab534f41747c33b15fd0dcc054
0,        157,        157,        1,    49152, 69cb5ab30cd1a74a07919271f9672880
0,        158,        158,        1,    49152, 71a3e2492dfc70ef54c1ec1fa76eeb81
0,        159,        159,        1,    49152, b140b6941ed4045fd8a2dcfbdab804f2
0,        160,        160,        1,    49152, fa97a70cca93b827028d9586de796097
0,        161,        161,        1,    49152, aec0714d57c4b72b31e48f3ee2b3fab3
0,        162,        162,        1,    49152, 9be5803a5effcf3881a5e921a69afddf
0,        163,        163,        1,    49152, 08fa04b39b8563efc695705bf4f5525f
0,        164,        164,        1,    49152, aa1e6f019ee2b4254248df5ca5628b24
0,        165,        165,        1,    49152, 2a49b8c97b22fb00ed20a3e83254cca2
0,        166,        166,        1,    49152, cd47878dadb77916d2ac3d380fd323cd
0,        167,        167,        1,    49152, 0f54c0a545b36feb956b11c49b88995b
0,        168,        168,        1,    49152, ff352874f19a94ef71d0e3a7dc260da6
0,        169,        169,        1,    49152, e58521bbbd59b01678d0e56c27c7d308
0,        170,        170,        1,    49152, 2816a89c9d6fc5f9897b72d13047e97a
0,        171,        171,        1,    49152, e0e2bfa816f0a992d4f66a4610774ad0
0,        172,        172,        1,    49152, e38a0b523489960ba9ad30b42a38b47a
0,        173,        173,        1,    49152, a6eb9635221a50a02388cebe04033a06
0,        174,        174,        1,    49152, ed2cba6f61fcead3a09ae0024d24f164
0,        175,        175,        1,    49152, 4490b8d8a9cc81729a4cfde8a8f7cda4
0,        176,        176,        1,    49152, 5cccde6ca0ccb0739d17412e2bdfd05b
0,        177,        177,        1,    49152, 23776c2b30eb3429515277fc470338b7
0,        178,        178,        1,    49152, 527ddebb02bd2f110d565363de950214
0,        179,        179,        1,    49152, a76bc4f4aafefd40b00c4d47542a2df1
0,        180,        180,        1,    49152, 501546571a64375d312f727f4d361211
0,        181,        181,        1,    49152, 2b69d9dcafc25a8cafe3c73d7c892bf0
0,        182,        182,        1,    49152, d60184798fbd7ebd4c91df19b5e4c684
0,        183,        183,        1,    49152, 9be875141173b7e351da3c4204e88a87
0,        184,        184,        1,    49152, ee5fe231adafcf6f61349f61fd35dad2
0,        185,        185,        1,    49152, 7b83dd2017a6031c2edb6803dbcd7302
0,        186,        186,        1,    49152, 01cdadaf24a54c07f4186a58bed76757
0,        187,        187,        1,    49152, d5bbc7572eabbed7a6cdc60738080d01
0,        188,        188,        1,    49152, ab999bea99e00fa1e81a093fda117cf9
0,        189,        189,        1,    49152, 2b6ee794cf6f6db1ddde9de73405a236
0,        190,        190,        1,    49152, 93473484b7d5af18415bb0e8614e6cac
0,        191,        191,        1,    49152, 56f86cbc2f4cf904d888d630a19200bc
0,        192,        192,        1,    49152, 68338d459a7025cfd9779610ad2dfd2e
0,        193,        193,        1,    49152, a4d48c11f911a05400a408f0df449687
0,        194,        194,        1,    49152, 03b8ee5160db70c737685ccc9983ceed
0,        195,        195,        1,    49152, e471b8d2197feca79d02312fd4ba445d
0,        196,        196,        1,    49152, 675f28beee7c1ed4340543b25715f9f6
0,        197,        197,        1,    49152, 01fc7e8d70116b2db3c2f0e5cf2098c8
0,        198,        198,        1,    49152, 5257e15329edf298e6a29ac6402e3961
0,        199,        199,        1,    49152, cbbdadf67466c5d519576607284d47b0
0,        200,        200,        1,    49152, 19198133c63aa942b1db0507951000c2
0,        201,        201,        1,    49152, cec1a31c7e6cc12edaef7edb5b82ed76
0,        202,        202,        1,    49152, 8bbb8650131bdb2aa389c52c9b22b258
0,        203,        203,        1,    49152, 0a336a52523354ac9e189523dcb18947
0,        204,        204,        1,    49152, c94c90a24dd5f8db2b941db70c5899f8
0,        205,        205,        1,    49152, 72526420d1fdb0d13431144698380b5a
0,        206,        206,        1,    49152, e2fc4e4a45df564dfce8eb7be85327ca
0,        207,        207,        1,    49152, 0ef84fe973fb5cc736584a93ca60cd6a
0,        208,        208,        1,    49152, 0bfd291c337a2a62feed6665840762bb
0,        209,        209,        1,    49152, 8cbfe7f62a6774ce661e98f889251923
0,        210,        210,        1,    49152, f1aafa8479cc83b2b8e92e36232bb52e
0,        211,        211,        1,    49152, 315fa2bd6b7b8c82ef56f3c53d982599
0,        212,        212,        1,    49152, 01af511549549028e32ce54ff73c65bc
0,        213,        213,        1,    49152, 5852b416ae929b8b791a792d1a14007b
0,        214,        214,        1,    49152, 26f99fc08c3fde64ee4939e1cf47bd70
0,        215,        215,        1,    49152, 87065cab36aa1740d928831e8fffccc7
0,        216,        216,        1,    49152, cc84b87a2cd87df5514f3014c596cd9b
0,        217,        217,        1,    49152, f25b59f540404f20369b72acd43c671c
0,        218,        218,        1,    49152, ab65f30bc80b6523ee902a958bdd0615
0,        219,        219,        1,    49152, a6435d8ab81c912a931fdf4f657ef1a5
0,        220,        220,        1,    49152, 1f8ea2221f7da361c98a827d654a57ac
0,        221,        221,        1,    49152, 925566041ce97517947e5df710ff90ef
0,        222,        222,        1,    49152, d619298ceb70b5b47407dc45dfeb2a90
0,        223,        223,        1,    49152, 275e02db561df02f550fec238c8413a0
0,        224,        224,        1,    49152, d3db62b4f0fedc1c77d6416d077f1f61
0,        225,        225,        1,    49152, 7a32c8fc2c258d4f4dc686d19619123d
0,        226,        226,        1,    49152, d728698aedd2c1c147745840b186c233
0,        227,        227,        1,    49152, 6b4f1c976b9db0c4f64269c13739fc29
0,        228,        228,        1,    49152, 034ce34c8ec4c8e3791d9f456684ed90
0,        229,        229,        1,    49152, ced4a4fd5e2c23ce495ca35f1c510077
0,        230,        230,        1,    49152, 1ec34b441baf5c3f35e92f8a7fd8b832
0,        231,        231,        1,    49152, 457e705d23b8f7d3316f616e7daf4d8b
0,        232,        232,        1,    49152, a6564335c10deb06d91c95600017060a
0,        233,        233,        1,    49152, 9fd332a240a4ad99f0ee4c2adafeb2d8
0,        234,        234,        1,    49152, 3e3e5839bc925454d683cc0f5b7f20d9
0,        235,        235,        1,    49152, f3f8461d71900cf3f4ed527575804f84
0,        236,        236,        1,    49152, 44a60332ecee478ac1f9989da7c18b79
0,        237,        237,        1,    49152, 21a0750ed3e6d2a1e6f208680e49f6c7
0,        238,        238,        1,    49152, cdd724e1fccec1f424aab5bcb309ad6f
0,        239,        239,        1,    49152, 67ba41350e53c30261f687db9db05379
0,        240,        240,        1,    49152, 66ea62686c6b75c0cbb283dbfc354689
0,        241,        241,        1,    49152, e0c3d4c4a6326a3ab0d97a48dc082bbf
0,        242,        242,        1,    49152, 9400c9866aee0eff41233703f1e3ebf2
0,        243,        243,        1,    49152, 0182777a756b468b47500d4c72d079f0
0,        244,        244,        1,    49152, 5769a984468fa99ad5353e230d58d8db
0,        245,        245,        1,    49152, 6311a5a9a46054bf1d3470646f191c88
0,        246,        246,        1,    49152, 74bd02abdf501dbc06d3bc8fb70f077e
0,        247,        247,        1,    49152, c109d909c02d8b12b5a5e53ceae93465
0,        248,        248,        1,    49152, ef7d21105aa6e0a0364fdb3fae826ee7
0,        249,        249,        1,    49152, 54b31e59ebefea983cf656907ea609bc
0,        250,        250,        1,    49152, 6e5b08418fa93b01d087646bbdcae672
0,        251,        251,        1,    49152, 2f56520a83db147079f48ce93e4c4abc
0,        252,        252,        1,    49152, 710c4de2b502c84ce4ab82e43bc0699f
0,        253,        253,        1,    49152, acf61f2a4e22950aa287e40ccbe22673
0,        254,        254,        1,    49152, d4038885435db227be531113fc42e219
0,        255,        255,        1,    49152, ecc1303a2b48a1de48f4c4c033f32b1f
0,        256,        256,        1,    49152, 9df1d63db86a7849fa2cf95d9ce0cbee
0,        257,        257,        1,    49152, db5bdaa30ea97da3fb026c20051077a5
0,        258,        258,        1,    49152, 3c886f65b07a7e850a4a3ebfdfead43c
0,        259,        259,        1,    49152, 8425c50f0add343546954e1f13f80e26
0,        260,        260,        1,    49152, 6f0da5626169a6d6524254bad1d47282
0,        261,        261,        1,    49152, a1285913c07de64991c580e71cc231ca
0,        262,        262,        1,    49152, a14906f0b1185c590bf638f7c321a8ed
0,        263,        263,        1,    49152, 897348b143db1486ec4e054825f041dc
0,        264,        264,        1,    49152, aefe0d11b012de84a3673dcff2d63fa0
0,        265,        265,        1,    49152, e1f45f3ff4dbc11c131f8893e998ff1a
0,        266,        266,        1,    49152, c4a36e05534e919edd57aa9585273cd6
0,        267,        267,        1,    49152, e1216c6fc9d7c71cd5a0967559c7cf9d
0,        268,        268,        1,    49152, 09b62af2e05cb24f64a8085dcdcf5267
0,        269,        269,        1,    49152, f30a393d16573048cad8cad921b3094d
0,        270,        270,        1,    49152, 8ce1cdc30fb011727badec8831145a04
0,        271,        271,        1,    49152, 418357efd9d4a147762ceb3ba342375e
0,        272,        272,        1,    49152, 97546d4f255560a1a3bdeb91b535f92d
0,        273,        273,        1,    49152, 4c9fe08f1a082a2d0eed2f8e9e7e56b0
0,        274,        274,        1,    49152, 4ac5bbed5e0a4b634de3f7ca905fb3f8
0,        275,        275,        1,    49152, d2157741f35ff858413f1dd276559d27
0,        276,        276,        1,    49152, 0def65dd9b5650886eb08559ba6786da
0,        277,        277,        1,    49152, 87e7fc153deedc5148b0920c5e99e7d6
0,        278,        278,        1,    49152, c8b9aa3d058ddc8a539d991b12cf4413
0,        279,        279,        1,    49152, 3810c4e8f864f85e72bb6de344cc1da9
0,        280,        280,        1,    49152, 3723572c97fcf2765c66303e6c31a546
0,        281,        281,        1,    49152, 393003f65ee7e246646659e2c56d7ae4
0,        282,        282,        1,    49152, 54c3c5352c50f378401a86d1e95d35ba
0,        283,        283,        1,    49152, 6790afa8093726e1008788962fceb63b
0,        284,        284,        1,    49152, 4eb45b1446721e5ce30edfe998b43966
0,        285,        285,        1,    49152, 8db3b08935ef27eb5bfe005ef5948812
0,        286,        286,        1,    49152, 32d29c51270ed48d297267088e7784cd
0,        287,        287,        1,    49152, f9b34ac7b16ec041d42ce5e7673b08fc
0,        288,        288,        1,    49152, 574ba0f0403bc4bf02ed5a4a97143164
0,        289,        289,        1,    49152, ef007ee855c0066073c229d303e3179b
0,        290,        290,        1,    49152, 2e243600ec7af9ce1471d5ca6b5876e3
0,        291,        291,        1,    49152, fa779be79d2c26b17938505168395a15
0,        292,        292,        1,    49152, e2d97754037b711a621670d0f67da9b7
0,        293,        293,        1,    49152, 5cecf68da97d1de9ffb82f522c2c55ca
0,        294,        294,        1,    49152, 29f3629ff35476c6ed380bb7b1d3965d
0,        295,        295,        1,    49152, b7eb53a0b58ad158166baf2515bdc407
0,        296,        296,        1,    49152, 68a7635429f1e1fdf079ef976190612b
0,        297,        297,        1,    49152, 01e991f7b3322aeb6f52e03ef090c0aa
0,        298,        298,        1,    49152, 9b7e0af3e8968461549adfe335dfd043
0,        299,        299,        1,    49152, e897a4f9d153ab83612e2fa9ddf1b06a
